111 107 107 107 107 112 65 65 65 65 65 65 65 65 65 65 65 111 107 107 107 107 107 107 107 107 107 112 65 65 65 65 65 65 65 65 65 111 107 107 107 107 107 107 107 107 107 112 65 65 
109 93 93 93 93 118 107 107 107 107 112 65 65 65 65 65 65 109 93 93 93 93 93 93 93 93 93 110 65 65 111 107 107 107 107 107 107 117 93 93 93 93 93 93 93 93 93 110 65 65 
109 92 92 92 92 98 93 93 93 93 118 107 107 107 107 112 65 109 92 92 92 92 106 92 92 92 92 118 107 107 117 93 93 93 93 93 93 97 92 92 92 92 92 92 92 92 92 110 65 65 
109 91 91 91 91 99 92 92 92 92 98 93 93 93 93 110 65 109 91 91 91 91 91 91 91 91 91 98 93 93 97 92 92 92 92 92 92 100 91 91 91 91 91 91 91 91 91 110 65 65 
109 91 91 91 91 91 91 91 91 91 99 92 92 92 92 118 107 117 91 91 91 91 91 91 91 91 91 99 92 92 100 91 91 91 91 91 91 91 91 91 91 91 91 91 91 91 91 110 65 65 
109 91 91 91 91 91 91 91 91 91 91 91 91 91 91 98 93 97 91 91 91 91 91 91 91 91 91 91 91 91 91 91 91 91 91 91 91 91 91 91 91 91 91 91 91 91 91 110 65 65 
109 91 91 91 91 91 91 91 91 91 91 91 91 91 91 99 92 100 91 91 91 91 91 91 91 91 91 91 91 91 91 91 91 91 91 91 91 91 91 91 91 91 91 91 91 91 91 110 65 65 
109 91 91 91 91 91 91 91 91 91 91 91 91 91 91 91 91 91 91 91 91 86 96 91 95 85 91 91 91 91 91 91 91 91 91 91 91 91 91 91 91 116 108 108 108 108 108 114 65 65 
109 91 91 91 91 91 91 86 81 96 78 95 81 81 85 91 91 91 91 91 86 87 78 78 78 79 91 91 91 91 91 91 91 91 91 91 91 91 91 91 91 110 65 65 65 65 65 65 65 65 
109 91 91 91 91 91 86 87 78 78 78 78 78 78 88 81 85 91 91 91 80 78 78 78 78 88 85 91 91 91 91 91 91 91 91 91 91 91 91 91 91 110 65 65 65 65 65 65 65 65 
109 91 91 91 91 86 87 78 78 78 78 78 78 78 78 78 79 91 91 91 80 78 78 78 78 78 79 91 91 91 91 91 91 91 91 91 91 91 91 91 91 110 65 65 65 65 65 65 65 65 
109 91 91 91 91 80 78 78 78 78 78 78 78 78 78 78 79 91 91 91 80 78 78 78 78 78 79 91 91 91 91 91 91 91 91 91 91 91 91 91 91 110 65 65 65 65 65 65 65 65 
109 91 91 91 91 80 78 78 78 78 78 78 78 78 78 78 79 91 91 91 80 78 78 78 78 89 83 91 91 91 91 91 91 91 91 91 91 91 91 91 91 118 107 107 107 112 65 65 65 65 
109 91 91 91 91 84 90 78 78 78 78 78 78 78 78 78 79 91 91 91 84 82 82 82 82 83 91 91 91 91 91 91 91 91 91 91 91 91 103 105 105 92 92 92 92 110 65 65 65 65 
109 91 91 91 91 91 84 90 78 78 78 78 78 78 78 89 83 91 91 91 91 91 91 91 91 91 91 91 91 91 91 91 91 91 91 91 91 91 101 91 91 91 91 91 91 118 112 65 65 65 
109 91 91 91 91 91 91 84 82 90 78 78 78 78 89 83 91 91 91 91 91 91 91 91 91 91 91 91 91 91 91 91 91 91 91 91 91 91 101 91 91 91 91 91 91 92 110 65 65 65 
113 108 115 91 91 91 91 91 91 84 82 82 82 82 83 91 91 91 91 91 91 91 91 91 91 91 91 91 91 91 91 91 91 91 91 91 91 91 101 91 91 91 91 91 91 91 110 65 65 65 
65 65 109 91 91 91 91 91 91 91 91 91 91 91 91 91 91 91 91 91 91 91 91 91 91 91 91 91 91 91 91 91 91 91 91 91 91 91 95 101 91 91 91 91 91 91 110 65 65 65 
65 65 109 91 91 91 91 91 91 91 91 91 91 91 91 91 91 91 91 91 91 116 108 115 91 91 116 108 108 115 91 91 116 108 115 91 91 91 91 95 95 95 95 91 95 95 110 65 65 65 
65 65 109 91 91 91 91 91 91 91 91 91 91 91 91 91 91 91 91 91 91 110 65 109 91 91 110 65 65 109 91 91 110 65 109 91 91 91 91 91 91 91 91 91 91 91 118 112 65 65 
65 65 109 91 91 91 91 91 91 91 116 108 108 115 91 91 91 91 91 91 91 110 65 109 91 116 114 65 65 113 115 91 110 65 109 91 91 91 91 91 91 91 91 91 91 91 93 110 65 65 
65 111 117 91 91 91 91 91 116 108 114 65 65 113 115 91 91 91 91 91 91 118 107 107 91 110 65 65 65 65 109 91 118 107 117 91 91 91 91 91 91 91 91 91 91 91 92 110 65 65 
65 109 93 91 91 91 91 91 110 65 65 65 65 65 109 91 91 91 91 91 91 98 93 97 91 110 65 65 65 65 109 91 98 93 97 91 91 91 91 91 91 91 91 91 91 91 91 110 65 65 
65 109 92 91 91 91 91 91 110 65 65 65 65 65 109 91 91 91 91 91 91 99 92 100 91 118 112 65 65 111 117 91 99 92 100 91 91 91 91 91 91 91 91 91 91 91 91 110 65 65 
65 109 91 91 91 91 91 91 110 65 65 65 65 65 109 91 91 91 91 91 91 91 91 91 91 93 118 107 107 117 93 91 91 91 91 91 91 91 91 91 91 91 91 91 91 91 91 110 65 65 
65 109 91 91 91 91 91 91 110 65 65 65 65 65 109 91 91 91 91 91 91 91 91 91 91 99 92 93 93 97 100 91 91 91 91 91 91 91 91 91 91 91 91 91 91 91 91 110 65 65 
65 109 91 91 91 91 91 116 114 65 65 65 111 107 117 91 91 91 91 91 91 91 91 91 91 91 99 92 92 100 91 91 91 91 91 91 91 91 91 91 91 91 91 91 91 91 91 110 65 65 
65 109 91 91 91 91 116 114 65 65 111 107 117 93 97 91 91 91 91 91 91 91 91 91 91 91 91 91 91 91 91 91 91 91 91 91 91 91 91 91 91 91 91 91 91 91 91 110 65 65 
65 109 91 91 91 91 110 65 65 65 109 93 97 92 100 91 91 91 91 91 91 91 91 91 91 91 91 91 91 91 91 91 91 91 91 91 91 91 91 91 91 91 91 91 91 91 91 110 65 65 
65 109 91 91 91 91 118 107 107 107 117 92 100 91 91 91 91 91 91 91 91 91 91 91 91 91 91 91 91 86 81 81 81 85 91 91 91 91 91 91 91 91 91 91 91 91 91 110 65 65 
65 109 91 91 91 91 98 93 93 93 97 91 91 91 91 91 91 91 91 91 91 91 91 91 91 86 81 81 81 87 78 78 78 88 81 81 81 81 85 91 91 91 91 91 91 91 91 110 65 65 
65 109 91 91 91 91 99 92 92 92 100 91 91 91 91 91 91 91 91 91 91 91 86 81 81 87 78 78 78 78 78 78 78 78 78 78 78 78 88 81 81 85 91 91 91 91 91 110 65 65 
65 109 91 91 91 91 91 91 91 91 91 91 91 91 91 91 91 91 91 91 86 81 87 78 78 78 78 78 78 78 78 78 78 78 78 78 78 78 78 78 78 88 85 91 91 91 91 110 65 65 
65 109 91 91 91 91 91 91 91 91 91 91 91 91 91 91 91 91 91 86 87 78 78 78 78 78 78 78 78 78 78 78 78 78 78 78 78 78 78 78 78 78 79 91 91 91 91 118 112 65 
65 109 91 91 91 91 91 91 91 91 91 91 91 91 91 91 91 91 91 80 78 78 78 78 78 78 78 78 78 78 78 78 78 78 78 78 78 78 78 78 78 78 88 85 91 91 91 93 110 65 
65 109 91 91 91 91 91 91 91 91 91 91 91 91 91 91 91 91 91 80 78 78 78 78 78 78 78 78 78 78 78 78 78 78 78 78 78 78 78 78 78 78 78 79 91 91 91 92 110 65 
65 109 91 91 91 116 108 108 108 108 115 91 91 91 91 91 91 91 91 80 78 78 78 78 78 78 78 78 78 78 78 78 78 78 78 78 78 78 78 78 78 78 78 79 91 91 91 91 110 65 
111 117 91 91 91 110 65 65 65 65 109 91 91 91 91 91 91 91 91 84 90 78 78 78 78 78 78 78 78 78 78 78 78 78 78 78 78 78 78 78 78 78 78 79 91 91 91 91 110 65 
109 93 91 91 91 110 65 65 65 65 109 91 91 91 91 91 91 91 91 91 80 78 78 78 78 78 78 78 78 78 78 78 78 78 78 78 78 78 78 78 78 78 89 83 91 91 91 91 110 65 
109 92 91 91 116 114 65 65 65 111 117 91 91 91 91 91 91 91 91 91 84 82 82 90 78 78 78 78 78 78 78 78 78 78 78 78 78 78 78 78 78 78 79 91 91 91 91 91 110 65 
109 91 91 91 110 65 65 65 65 109 97 91 91 91 91 91 91 91 91 91 91 91 91 80 78 78 78 78 78 78 78 78 78 78 78 78 78 78 78 78 78 89 83 91 91 91 91 91 110 65 
109 91 91 91 110 65 65 65 65 109 100 91 91 91 91 91 91 91 91 91 91 91 91 80 78 78 78 78 78 78 78 78 78 89 82 82 82 82 82 82 82 83 91 91 91 91 91 91 110 65 
109 91 91 91 118 112 65 65 65 109 91 91 91 91 91 91 91 91 91 91 91 91 91 84 90 78 78 78 89 82 82 82 82 83 91 91 91 91 91 91 91 91 91 91 91 91 91 91 110 65 
109 91 91 91 98 110 65 65 65 113 108 108 108 108 115 91 91 91 91 91 91 91 91 91 84 82 82 82 83 91 91 91 91 91 91 91 91 91 91 91 91 91 91 91 91 91 91 91 110 65 
109 91 91 91 98 110 65 65 65 65 65 65 65 65 109 91 91 91 91 91 91 91 91 91 91 91 91 91 91 91 91 91 91 91 91 91 91 91 91 91 91 91 91 91 91 91 91 91 110 65 
109 91 91 91 91 118 107 107 107 107 107 107 107 112 113 108 108 108 108 115 91 91 91 91 91 91 91 91 91 91 91 91 91 91 91 91 91 91 91 91 91 91 91 91 91 91 91 91 110 65 
109 91 91 91 91 98 93 93 93 93 93 93 93 110 65 65 65 65 65 109 91 91 91 91 91 91 91 91 91 91 91 91 91 91 91 91 91 91 91 91 91 91 91 91 91 91 91 91 110 65 
109 91 91 91 91 98 92 92 92 92 92 92 92 110 65 65 65 65 65 109 91 91 91 91 91 91 91 91 91 91 91 91 116 108 108 108 108 108 108 108 108 108 108 108 108 108 108 108 114 65 
109 91 91 91 91 91 91 91 91 91 91 91 91 110 65 65 65 65 65 109 91 91 91 91 91 91 91 91 91 91 91 91 110 65 65 65 65 65 65 65 65 65 65 65 65 65 65 65 65 65 
113 108 108 108 108 108 108 108 108 108 108 108 108 114 65 65 65 65 65 113 108 108 108 108 108 108 108 108 119 108 108 108 114 65 65 65 65 65 65 65 65 65 65 65 65 65 65 65 65 65 
