111 107 107 107 107 112 65 65 65 65 65 65 65 65 65 65 65 111 107 107 107 107 107 107 107 107 107 112 65 65 65 65 65 65 65 65 65 111 107 107 107 107 107 107 107 107 107 112 65 65 
109 93 93 93 93 118 107 112 111 107 112 65 65 65 65 65 65 109 93 93 93 93 93 93 93 93 93 110 65 65 111 107 107 107 107 107 107 117 93 93 93 93 93 93 93 93 93 110 65 65 
109 92 92 106 92 98 93 110 109 93 118 107 107 107 107 112 65 109 92 92 92 92 92 92 92 92 92 118 107 107 117 93 93 93 93 93 93 97 92 92 92 92 92 92 92 92 92 110 65 65 
109 91 91 91 91 99 92 110 109 92 98 93 93 93 93 110 65 109 91 91 91 91 91 91 91 91 91 98 93 93 97 92 92 92 92 92 92 100 91 91 91 91 91 91 91 91 91 110 65 65 
109 91 91 91 91 91 91 110 109 91 99 92 92 92 92 118 107 117 91 91 91 91 91 91 91 91 91 99 92 92 100 91 91 91 91 91 91 91 91 91 91 91 91 91 91 91 91 110 65 65 
109 91 91 91 91 91 91 110 109 91 91 91 91 91 91 98 93 97 91 91 91 91 91 91 91 91 91 91 91 91 91 91 91 91 91 91 91 91 91 91 91 91 91 91 91 91 91 110 65 65 
109 91 91 91 91 91 91 110 109 91 91 91 91 91 91 99 92 100 91 91 91 91 91 91 91 91 91 91 91 91 91 91 91 91 91 91 91 91 91 91 91 91 91 91 91 91 91 110 65 65 
109 91 91 91 91 91 91 110 113 115 91 91 91 91 91 91 91 91 91 91 91 86 96 91 95 85 91 91 91 91 91 91 91 91 91 91 91 91 91 91 91 116 108 108 108 108 108 114 65 65 
109 91 91 91 91 91 91 110 65 113 115 96 91 95 85 91 91 91 91 91 86 87 78 78 78 88 81 81 81 85 91 91 91 91 91 91 91 91 91 91 91 110 65 65 65 65 65 65 65 65 
109 91 91 91 91 91 91 118 107 112 109 78 78 78 88 81 85 91 91 91 80 78 78 78 78 78 78 78 78 88 81 81 81 85 91 91 91 91 91 91 91 110 65 65 65 65 65 65 65 65 
109 91 91 91 91 91 91 98 93 110 109 78 78 78 78 78 79 91 91 91 80 78 78 78 78 78 78 78 78 78 78 78 78 88 85 91 91 91 91 91 91 110 65 65 65 65 65 65 65 65 
109 91 91 91 91 91 91 98 93 110 113 115 78 78 78 78 79 91 91 91 80 78 78 78 78 78 78 78 78 78 78 78 78 78 79 91 91 91 91 91 91 110 65 65 65 65 65 65 65 65 
109 91 91 91 91 86 81 99 92 110 65 109 78 78 78 78 79 91 91 91 80 78 78 78 78 78 78 78 78 78 78 78 78 78 79 91 91 91 91 91 91 118 107 107 107 112 65 65 65 65 
109 91 91 91 91 84 90 78 78 118 112 109 78 78 78 78 79 91 91 91 84 90 78 78 78 78 78 78 78 78 78 78 78 78 79 91 91 91 103 105 105 92 92 92 92 110 65 65 65 65 
109 91 91 91 91 91 84 90 78 78 110 109 78 78 78 89 83 91 91 91 91 84 90 78 78 78 78 78 78 89 82 82 82 82 83 91 91 91 101 91 91 91 91 91 91 118 112 65 65 65 
109 91 91 91 91 91 91 84 82 90 110 109 78 78 89 83 91 91 91 91 91 91 84 82 82 82 82 82 82 83 91 91 91 91 91 91 91 91 101 91 91 91 91 91 91 92 110 65 65 65 
113 108 115 91 91 91 91 91 91 84 110 109 82 82 83 91 91 91 91 91 91 91 91 91 91 91 91 91 91 91 91 91 91 91 91 91 91 91 101 91 91 91 91 91 91 91 110 65 65 65 
65 65 109 91 91 91 91 91 91 91 110 113 108 115 91 91 91 91 91 91 91 91 91 91 91 91 91 91 91 91 91 91 91 91 91 91 91 91 95 101 91 91 91 91 91 91 110 65 65 65 
65 65 109 91 91 91 91 91 91 91 118 107 112 109 91 91 91 91 91 91 91 116 108 115 91 91 91 91 91 91 91 91 116 108 115 91 91 91 91 95 94 94 101 91 91 91 110 65 65 65 
65 65 109 91 91 91 91 91 91 91 91 91 110 109 91 91 91 91 91 91 91 110 65 109 91 91 91 91 91 91 91 91 110 65 109 91 91 91 91 91 91 91 101 91 91 91 118 112 65 65 
65 65 109 91 91 91 91 91 91 91 116 108 114 109 91 91 91 91 91 91 91 110 65 109 91 91 91 91 91 91 91 91 110 65 109 91 91 91 91 91 91 91 95 96 91 95 93 110 65 65 
65 111 117 91 91 91 91 91 116 108 114 65 65 113 115 91 91 91 91 91 91 118 107 107 91 91 86 81 81 81 91 81 110 65 113 115 81 85 91 91 91 91 91 91 91 91 92 110 65 65 
65 109 93 91 91 91 91 91 110 65 65 65 65 65 109 91 91 91 91 91 91 98 93 97 91 86 87 78 78 78 78 78 118 107 107 117 78 88 85 91 91 91 91 91 91 91 91 110 65 65 
65 109 92 91 91 91 91 91 110 65 65 65 65 65 109 91 91 91 91 91 91 99 92 100 86 87 78 78 78 78 78 78 98 93 93 97 78 78 88 85 91 91 91 91 91 91 91 110 65 65 
65 109 91 91 91 91 91 91 110 65 65 65 65 65 109 91 91 91 91 91 91 91 86 81 87 78 78 78 78 78 78 78 98 93 93 97 78 78 78 88 81 81 85 91 91 91 91 110 65 65 
65 109 91 91 91 91 91 91 110 65 65 65 65 65 109 91 91 91 91 91 91 91 80 78 78 78 78 78 78 78 78 78 92 92 92 92 78 78 78 78 78 89 83 91 91 91 91 110 65 65 
65 109 91 91 91 91 91 116 114 65 65 65 111 107 117 91 91 91 91 91 91 86 87 78 78 78 78 78 78 78 78 78 78 78 78 78 78 78 78 78 78 79 91 91 91 91 91 110 65 65 
65 109 91 91 91 91 116 114 65 65 65 111 117 93 97 91 91 91 91 86 81 87 78 78 78 78 78 78 78 78 78 78 78 78 78 78 78 78 78 78 78 79 91 91 91 91 91 110 65 65 
65 109 91 91 91 91 110 65 65 65 65 109 97 92 100 91 91 91 86 87 78 78 78 78 78 78 78 78 78 78 78 78 78 78 78 78 78 78 78 78 78 79 91 91 91 91 91 110 65 65 
65 109 91 91 91 91 118 107 107 107 112 109 100 91 91 91 91 86 87 78 78 78 78 78 78 78 78 78 78 78 78 78 78 78 78 78 78 78 78 78 78 79 91 91 91 91 91 110 65 65 
65 109 91 91 91 91 98 93 93 93 110 109 91 91 91 91 86 87 78 78 78 78 78 78 78 78 78 78 78 78 78 78 78 78 78 78 78 78 78 78 78 79 91 91 91 91 91 110 65 65 
65 109 91 91 91 91 99 92 92 92 110 113 115 91 91 91 80 78 78 78 78 78 78 78 78 78 78 78 78 78 78 78 78 78 78 78 78 78 78 78 78 79 91 91 91 91 91 110 65 65 
65 109 91 91 91 91 91 91 91 91 118 112 109 91 91 91 84 90 78 78 78 78 78 78 78 78 78 78 78 78 78 78 78 78 78 78 78 78 78 78 78 88 85 91 91 91 91 110 65 65 
65 109 91 91 91 91 91 91 91 91 91 110 109 91 91 91 91 84 82 90 78 78 78 78 78 78 78 78 78 78 78 78 78 78 78 78 78 78 78 78 78 78 79 91 91 91 91 118 112 65 
65 109 91 91 91 91 91 91 91 91 91 110 109 91 91 91 91 91 91 80 78 78 78 78 78 78 78 78 78 78 78 78 78 78 78 78 78 78 78 78 78 78 88 85 91 91 91 93 110 65 
65 109 91 91 91 91 91 116 108 108 108 114 113 115 91 91 91 91 91 80 78 78 78 78 78 78 78 78 78 78 78 78 78 78 78 78 78 78 78 78 78 78 78 79 91 91 91 92 110 65 
65 113 115 91 91 91 91 110 65 65 65 65 65 113 115 91 91 91 91 80 78 78 78 78 78 78 78 78 78 78 78 78 78 78 78 78 78 78 78 78 78 78 78 79 91 91 91 91 110 65 
65 65 109 91 91 91 116 114 65 65 111 107 107 107 117 91 91 91 91 84 90 78 78 78 78 78 78 78 78 78 78 78 78 78 78 78 78 78 78 78 78 78 78 79 91 91 91 91 110 65 
111 107 117 91 91 91 110 65 65 65 109 93 93 93 97 91 91 91 91 91 80 78 78 78 78 78 78 78 78 78 78 78 78 78 78 78 78 78 78 78 78 78 89 83 91 91 91 91 110 65 
109 93 97 91 91 91 110 65 65 111 117 92 92 92 100 91 91 91 91 91 84 82 82 90 78 78 78 78 78 78 78 78 78 78 78 78 78 78 78 78 78 78 79 91 91 91 91 91 110 65 
109 92 92 91 91 91 110 65 65 109 97 91 91 91 91 91 116 108 108 108 108 108 108 115 78 78 78 78 78 78 78 78 78 78 78 78 78 78 78 78 78 89 83 91 91 91 91 91 110 65 
109 91 91 91 91 91 110 65 65 113 108 108 108 108 108 108 114 65 65 65 65 65 65 109 78 78 78 78 78 78 78 78 78 78 78 78 78 78 78 89 82 83 91 91 91 91 91 91 110 65 
109 91 91 91 91 91 118 107 112 65 65 65 65 65 65 65 65 65 65 65 65 65 65 109 90 78 78 78 89 82 90 78 78 78 78 78 78 89 82 83 91 91 91 91 91 91 91 91 110 65 
109 91 91 91 91 91 93 93 110 65 111 107 112 65 65 65 65 65 65 65 65 65 65 109 84 82 82 82 83 91 80 78 78 78 78 78 78 116 108 108 115 91 91 91 91 91 91 91 110 65 
109 91 91 91 91 91 93 93 118 107 117 93 118 107 107 107 107 107 107 107 107 107 107 117 91 91 91 91 91 91 84 82 90 78 78 89 82 110 65 65 109 91 91 91 91 91 91 91 110 65 
109 91 91 91 91 91 91 91 93 93 93 93 93 93 93 93 93 93 93 93 93 93 93 93 91 91 91 91 91 91 91 91 84 90 78 79 91 110 65 65 109 91 91 91 91 91 91 91 110 65 
109 91 91 91 91 91 91 91 93 93 93 91 93 93 93 93 93 93 93 93 93 93 93 93 91 91 91 91 91 91 91 91 91 84 78 83 91 110 65 65 113 115 91 91 91 91 91 91 110 65 
109 91 91 91 91 91 91 91 91 91 91 91 91 91 91 91 91 91 91 91 91 91 91 91 91 91 91 91 91 91 91 91 91 91 91 91 91 110 65 65 65 113 108 108 108 108 108 108 114 65 
109 91 91 91 91 91 91 91 91 91 91 91 91 116 108 108 108 108 108 115 91 91 91 91 91 91 116 108 115 91 91 91 91 91 91 91 91 110 65 65 65 65 65 65 65 65 65 65 65 65 
113 108 108 108 108 108 108 108 108 108 108 108 108 114 65 65 65 65 65 113 108 108 108 108 108 108 114 65 113 108 108 108 108 108 108 108 108 114 65 65 65 65 65 65 65 65 65 65 65 65 
